param=[5	4	4	4	9	8	5	13	2	7	14	14	4	4	14	10	5	2	11	9	2	3	11	1	4	15	1	12	12	2	11	1	1	12	12	15	15	11	15	2
3	3	4	3	4	4	5	4	2	3	3	3	6	3	4	2	3	1	4	5	2	4	6	6	5	2	4	5	1	4	6	1	2	6	2	2	5	2	3	4
12	12	8	6	24	8	15	24	4	12	18	18	24	9	8	10	6	2	20	20	6	12	24	12	10	4	16	30	6	12	24	3	8	12	6	6	25	4	9	24
0.074670394	0.219571818	0.092014575	0.141860008	0.197537939	0.205109222	0.131188945	0.007045922	0.123226662	0.252104524	0.274898048	0.173988398	0.252494912	0.107002672	0.255435274	0.267319928	0.188458244	0.119752896	0.075294397	0.298886786	0.191181788	0.226326452	0.263939096	0.138961026	0.0823529	0.142210765	0.008977958	0.068563254	0.162108249	0.119867861	0.226638327	0.249586961	0.167995319	0.169709728	0.179539811	0.169786631	0.143324729	0.102244706	0.243513034	0.239423098
];